0 16 0 43 12 50 5 44 -1
1 2 34 38 12 14 21 60 16 60 29 27 13 15 25 21 20 30 19 22 23 56 -1
2 6 39 33 23 18 21 20 11 41 30 42 27 24 7 48 30 39 19 31 -1
3 8 39 56 23 16 13 36 9 58 24 47 13 25 26 41 10 13 27 31 24 52 16 35 -1
4 9 55 25 -1
5 9 56 36 10 49 22 17 27 26 24 24 23 21 17 24 11 59 -1
6 10 68 15 23 37 7 59 15 60 21 28 -1
7 18 68 22 50 16 45 14 -1
8 34 68 18 -1
9 4 109 29 21 52 28 26 23 19 9 55 22 43 -1
10 16 109 30 9 60 9 45 29 36 24 41 6 48 22 52 10 22 11 26 17 59 30 22 -1
11 7 151 45 27 58 17 41 17 37 19 48 5 12 30 35 21 22 5 49 -1
12 21 151 28 13 38 11 43 -1
13 5 162 26 57 6 53 12 60 17 38 15 51 29 58 23 60 14 52 16 -1
14 11 183 43 26 15 6 11 22 42 26 58 21 21 -1
15 20 203 24 -1
16 32 203 20 22 27 -1
17 8 221 22 28 11 43 29 39 22 16 20 32 8 57 29 13 25 52 20 15 18 -1
18 13 221 9 21 6 -1
19 3 257 14 16 49 28 19 10 32 16 60 -1
20 9 257 33 21 35 16 41 6 25 10 43 21 41 12 39 21 33 24 33 -1
21 10 257 22 22 22 47 16 21 20 -1
22 20 257 32 16 26 -1
23 3 284 23 9 18 11 37 17 38 6 35 16 33 -1
24 16 315 23 5 20 12 36 24 10 14 55 10 29 -1
25 17 332 28 10 14 11 48 5 56 20 56 20 42 27 50 16 20 10 54 -1
26 37 332 18 11 33 15 21 7 17 20 11 29 25 27 33 -1
27 17 362 31 10 50 28 59 -1
28 18 362 50 11 45 -1
29 29 362 44 29 30 6 21 27 11 30 20 -1
